4310000858448
4310000858454
6671308504630
9781807785345
9798215985656
9781444977226
4310000844306
4310000827067
9798233564468
4310000827080
9798261400080
8890090031530
4524815637540
4744073100000
4741350500000
4746071100000
6681259846230
7276000869125
4335238200320
7276000849796
7275000840847
4320000812220
7275999995709
4524815625800
4910000287219
8909131088151
4320000199877
4740203100000
8909131062016
4747360200000
8910126486912
8909131062015
4745090200000
6681310735120
8909131062017
4320000073905
8909130952965
7276000869126
4320000332285
4620000610496
8909130952964
4744172100000
4620000615051
4339325800310
4330021500300
7275999995697
6474824014436
4742111300000
4480000865311
8890090031524
4334339900320
4335379400320
6474824012487
4330008470000
8909130952962
6681253883700
4334068700320
4746633100000
8932125953616
4740147100000
8909130952963
4334340000320
4310000671489
4337222700310
8932131009225
7276000869130
4320000870155
4337485500310
4320000012538
4742861000000
4910000857871
9781970628289
4742111600000
1230010032619
4620000614488
4742111700000
8909131162310
4320000812797
4524815625810
1230010033739
8909131162309
4339083500310
4742410900000
4742190900000
7224000868346
7276000871214
7276000871213
7276000871216
4910000840166
8932130046321
9780008744540
7275000248324
1230010033838
8909131162311
7275000871784
4338997100310
4910000854753
8909131162312
8912131130713
8910122322914
4910000873092
9781807600822
4320000866294
4741351000000
